-0.047312403595131
-0.77072509778197
1.0371699036537
-0.92001514177474
1.2072645137986
0.89555193495723
-0.27728073409901
-0.16127784361089
0.95148583771054
0.87017761309365
0.036559635039616
-0.88943514421298
-0.30998928258479
0.4122976801927
-0.06344024853524
0.69880130844122
0.91179771663318
-0.26010853563518
-1.2364840337805
0.63688737256391
-0.81534101817878
0.22886274719535
-1.2988609375217
-0.63785217909295
-0.20423634319704
0.48368775762267
-1.097503997535
0.8539336265114
0.91855634720035
0.66563807252867
